# Exported from Wings 3D 1.2
mtllib tris.mtl
o unnamed_object3
#8 vertices, 6 faces
v -2.23928064 0.26688849 -2.22810495
v -2.23554403 -0.29650512 -2.22811278
v -2.22619135 -0.29650512 2.23745743
v -2.22992796 0.26688849 2.23746425
v 2.22619135 0.29650512 -2.23745843
v 2.22992797 -0.26688849 -2.23746325
v 2.23928064 -0.26688849 2.22810495
v 2.23554403 0.29650512 2.22811278
vt 0.0000000e+0 0.44398414
vt 0.0000000e+0 0.50000000
vt 0.0000000e+0 0.55601586
vt 0.0000000e+0 1.00000000
vt 1.4718782e-13 0.50000000
vt 3.9710943e-13 0.55601586
vt 9.9423621e-8 0.0000000e+0
vt 5.6015865e-2 0.55601586
vt 5.6015865e-2 1.00000000
vt 0.44398394 0.44398414
vt 0.44398404 0.55601586
vt 0.44398414 0.0000000e+0
vt 0.44398414 0.50000000
vt 0.44398423 0.0000000e+0
vt 0.44398423 0.44398414
vt 0.44398423 0.50000000
vt 0.88796817 0.44398414
vt 0.88796837 0.0000000e+0
vt 0.88796837 4.4464432e-14
vt 0.88796837 0.44398414
vt 0.94398423 5.5788707e-15
vt 0.94398423 0.44398414
vn -0.99997581 -6.6322025e-3 2.0943475e-3
vn -6.6321880e-3 0.99997801 1.3890442e-5
vn -2.0942639e-3 -2.6615773e-6 -0.99999781
vn -0.99997581 -6.6322025e-3 2.0943475e-3
vn 6.6321880e-3 -0.99997801 -1.3890442e-5
vn -2.0942639e-3 -2.6615773e-6 -0.99999781
vn -0.99997581 -6.6322025e-3 2.0943475e-3
vn 6.6321880e-3 -0.99997801 -1.3890442e-5
vn 2.0942757e-3 8.8669738e-7 0.99999781
vn -0.99997581 -6.6322025e-3 2.0943475e-3
vn -6.6321880e-3 0.99997801 1.3890442e-5
vn 2.0942757e-3 8.8669738e-7 0.99999781
vn 0.99997581 6.6322025e-3 -2.0943475e-3
vn -6.6321880e-3 0.99997801 1.3890442e-5
vn -2.0942639e-3 -2.6615773e-6 -0.99999781
vn 0.99997581 6.6322025e-3 -2.0943475e-3
vn 6.6321880e-3 -0.99997801 -1.3890442e-5
vn -2.0942639e-3 -2.6615773e-6 -0.99999781
vn 0.99997581 6.6322025e-3 -2.0943475e-3
vn 6.6321880e-3 -0.99997801 -1.3890442e-5
vn 2.0942757e-3 8.8669738e-7 0.99999781
vn 0.99997581 6.6322025e-3 -2.0943475e-3
vn -6.6321880e-3 0.99997801 1.3890442e-5
vn 2.0942757e-3 8.8669738e-7 0.99999781
g unnamed_object3_default2
usemtl default2
s 1
f 2/2/4 3/13/7 4/11/10 1/3/1
f 5/16/13 8/5/22 7/1/19 6/10/16
s 2
f 1/8/3 5/9/15 6/4/18 2/6/6
f 3/21/9 7/22/21 8/20/24 4/18/12
s 3
f 2/19/5 6/17/17 7/15/20 3/14/8
f 4/12/11 8/15/23 5/1/14 1/7/2
